Webots Project File version 8.3.0
perspectives: 000000ff00000000fd0000000300000000000001ca0000039ffc0200000001fb00000012005300630065006e0065005400720065006501000000000000039f0000000000000000000000010000033b00000308fc0200000001fb0000001400540065007800740045006400690074006f00720100000015000003080000009d00ffffff0000000300000781000000dafc0100000001fb0000000e0043006f006e0073006f006c00650100000000000007810000005400ffffff000004400000030800000004000000040000000100000008fc00000000
simulationViewPerspectives: 000000ff00000001000000020000016c000004a00100000006010000000101
sceneTreePerspectives: 000000ff0000000100000002000000c0000001120100000006010000000201
minimizedPerspectives: 
maximizedDockId: -1
centralWidgetVisible: 1
orthographicViewHeight: 1
textFiles: 2 "controllers/advanced_genetic_algorithm/advanced_genetic_algorithm.c" "controllers/advanced_genetic_algorithm_supervisor/advanced_genetic_algorithm_supervisor.c" "genotype.c" "controllers/advanced_genetic_algorithm_supervisor/population.c"
renderingDevicePerspectives: 359;1;1;0.150418;0.0708333
renderingDevicePerspectives: 271;0;0;0.00139276;0.00138889
