Webots Project File version 8.3.0
perspectives: 000000ff00000000fd0000000200000001000002bd0000030afc0200000001fb0000001400540065007800740045006400690074006f007201000000150000030a0000009d00ffffff0000000300000781000000d8fc0100000001fb0000000e0043006f006e0073006f006c00650100000000000007810000005400ffffff000004be0000030a00000001000000020000000100000008fc00000000
simulationViewPerspectives: 000000ff000000010000000200000100000005570100000006010000000100
sceneTreePerspectives: 000000ff0000000100000002000001df000000ed0100000006010000000200
minimizedPerspectives: 
maximizedDockId: -1
centralWidgetVisible: 1
orthographicViewHeight: 1
textFiles: 0 "controllers/advanced_genetic_algorithm_supervisor/advanced_genetic_algorithm_supervisor.c"
renderingDevicePerspectives: 239;1;1;0.0283613;0.0283934
renderingDevicePerspectives: 6;1;1;0.106092;0.0706371
