Webots Project File version 8.4.0
perspectives: 000000ff00000000fd0000000300000000000001ca0000039ffc0200000001fb00000012005300630065006e0065005400720065006501000000000000039f0000000000000000000000010000027500000299fc0200000001fb0000001400540065007800740045006400690074006f00720100000015000002990000009d00ffffff000000030000064100000095fc0100000001fb0000000e0043006f006e0073006f006c00650100000000000006410000005400ffffff000003c60000029900000004000000040000000100000008fc00000000
simulationViewPerspectives: 000000ff00000001000000020000016e0000060c0100000006010000000101
sceneTreePerspectives: 000000ff0000000100000002000000c00000008e0100000006010000000201
minimizedPerspectives: 000000ff00000000fd0000000300000000000001ca0000039ffc0200000001fb00000012005300630065006e0065005400720065006501000000000000039f0000000000000000000000010000015400000257fc0200000001fb0000000e0043006f006e0073006f006c0065010000017b000002570000006800ffffff00000002000004bf0000015cfc0100000001fb0000001400540065007800740045006400690074006f00720100000000000004bf0000008300ffffff000003650000025700000004000000040000000100000008fc00000000
maximizedDockId: -1
centralWidgetVisible: 1
orthographicViewHeight: 1
textFiles: 1 "controllers/advanced_genetic_algorithm/advanced_genetic_algorithm.c" "controllers/advanced_genetic_algorithm_supervisor/advanced_genetic_algorithm_supervisor.c"
renderingDevicePerspectives: 6;1;1;0.170034;0.0837438
renderingDevicePerspectives: 239;0;8.38462;0.368687;0.270115
